function y = g2(x)
%g2 Bose function
%   Polynomial approximate formula

y = 0.919578762334463*x + 1.506653925096766*x.^2 - 6.462261509052681*x.^3 + 15.27792362375781*x.^4 - 16.10288121953922*x.^5 + 6.486853408387123*x.^6;


end

